0.000 0.000
0.003 0.003
0.006 0.006
0.009 0.009
0.013 0.013
0.016 0.016
0.019 0.019
0.022 0.022
0.025 0.025
0.028 0.028
0.031 0.031
0.035 0.035
0.038 0.038
0.041 0.041
0.044 0.044
0.047 0.047
0.050 0.050
0.053 0.053
0.057 0.057
0.060 0.060
0.063 0.063
0.066 0.066
0.069 0.069
0.072 0.072
0.075 0.075
0.079 0.078
0.082 0.082
0.085 0.085
0.088 0.088
0.091 0.091
0.094 0.094
0.097 0.097
0.101 0.100
0.104 0.103
0.107 0.107
0.110 0.110
0.113 0.113
0.116 0.116
0.119 0.119
0.123 0.122
0.126 0.125
0.129 0.128
0.132 0.132
0.135 0.135
0.138 0.138
0.141 0.141
0.145 0.144
0.148 0.147
0.151 0.150
0.154 0.153
0.157 0.156
0.160 0.160
0.163 0.163
0.167 0.166
0.170 0.169
0.173 0.172
0.176 0.175
0.179 0.178
0.182 0.181
0.185 0.184
0.188 0.187
0.192 0.190
0.195 0.194
0.198 0.197
0.201 0.200
0.204 0.203
0.207 0.206
0.210 0.209
0.214 0.212
0.217 0.215
0.220 0.218
0.223 0.221
0.226 0.224
0.229 0.227
0.232 0.230
0.236 0.233
0.239 0.236
0.242 0.240
0.245 0.243
0.248 0.246
0.251 0.249
0.254 0.252
0.258 0.255
0.261 0.258
0.264 0.261
0.267 0.264
0.270 0.267
0.273 0.270
0.276 0.273
0.280 0.276
0.283 0.279
0.286 0.282
0.289 0.285
0.292 0.288
0.295 0.291
0.298 0.294
0.302 0.297
0.305 0.300
0.308 0.303
0.311 0.306
0.314 0.309
0.317 0.312
0.320 0.315
0.324 0.318
0.327 0.321
0.330 0.324
0.333 0.327
0.336 0.330
0.339 0.333
0.342 0.336
0.346 0.339
0.349 0.342
0.352 0.345
0.355 0.348
0.358 0.351
0.361 0.353
0.364 0.356
0.368 0.359
0.371 0.362
0.374 0.365
0.377 0.368
0.380 0.371
0.383 0.374
0.386 0.377
0.390 0.380
0.393 0.383
0.396 0.386
0.399 0.388
0.402 0.391
0.405 0.394
0.408 0.397
0.412 0.400
0.415 0.403
0.418 0.406
0.421 0.409
0.424 0.412
0.427 0.414
0.430 0.417
0.434 0.420
0.437 0.423
0.440 0.426
0.443 0.429
0.446 0.431
0.449 0.434
0.452 0.437
0.456 0.440
0.459 0.443
0.462 0.446
0.465 0.448
0.468 0.451
0.471 0.454
0.474 0.457
0.478 0.460
0.481 0.462
0.484 0.465
0.487 0.468
0.490 0.471
0.493 0.473
0.496 0.476
0.500 0.479
0.503 0.482
0.506 0.484
0.509 0.487
0.512 0.490
0.515 0.493
0.518 0.495
0.522 0.498
0.525 0.501
0.528 0.504
0.531 0.506
0.534 0.509
0.537 0.512
0.540 0.514
0.543 0.517
0.547 0.520
0.550 0.522
0.553 0.525
0.556 0.528
0.559 0.531
0.562 0.533
0.565 0.536
0.569 0.538
0.572 0.541
0.575 0.544
0.578 0.546
0.581 0.549
0.584 0.552
0.587 0.554
0.591 0.557
0.594 0.559
0.597 0.562
0.600 0.565
0.603 0.567
0.606 0.570
0.609 0.572
0.613 0.575
0.616 0.578
0.619 0.580
0.622 0.583
0.625 0.585
0.628 0.588
0.631 0.590
0.635 0.593
0.638 0.595
0.641 0.598
0.644 0.600
0.647 0.603
0.650 0.605
0.653 0.608
0.657 0.610
0.660 0.613
0.663 0.615
0.666 0.618
0.669 0.620
0.672 0.623
0.675 0.625
0.679 0.628
0.682 0.630
0.685 0.633
0.688 0.635
0.691 0.637
0.694 0.640
0.697 0.642
0.701 0.645
0.704 0.647
0.707 0.649
0.710 0.652
0.713 0.654
0.716 0.657
0.719 0.659
0.723 0.661
0.726 0.664
0.729 0.666
0.732 0.668
0.735 0.671
0.738 0.673
0.741 0.675
0.745 0.678
0.748 0.680
0.751 0.682
0.754 0.685
0.757 0.687
0.760 0.689
0.763 0.691
0.767 0.694
0.770 0.696
0.773 0.698
0.776 0.700
0.779 0.703
0.782 0.705
0.785 0.707
0.789 0.709
0.792 0.712
0.795 0.714
0.798 0.716
0.801 0.718
0.804 0.720
0.807 0.722
0.811 0.725
0.814 0.727
0.817 0.729
0.820 0.731
0.823 0.733
0.826 0.735
0.829 0.737
0.833 0.740
0.836 0.742
0.839 0.744
0.842 0.746
0.845 0.748
0.848 0.750
0.851 0.752
0.855 0.754
0.858 0.756
0.861 0.758
0.864 0.760
0.867 0.762
0.870 0.764
0.873 0.766
0.877 0.768
0.880 0.771
0.883 0.773
0.886 0.774
0.889 0.776
0.892 0.778
0.895 0.780
0.898 0.782
0.902 0.784
0.905 0.786
0.908 0.788
0.911 0.790
0.914 0.792
0.917 0.794
0.920 0.796
0.924 0.798
0.927 0.800
0.930 0.802
0.933 0.803
0.936 0.805
0.939 0.807
0.942 0.809
0.946 0.811
0.949 0.813
0.952 0.815
0.955 0.816
0.958 0.818
0.961 0.820
0.964 0.822
0.968 0.824
0.971 0.825
0.974 0.827
0.977 0.829
0.980 0.831
0.983 0.832
0.986 0.834
0.990 0.836
0.993 0.838
0.996 0.839
0.999 0.841
1.002 0.843
1.005 0.844
1.008 0.846
1.012 0.848
1.015 0.849
1.018 0.851
1.021 0.853
1.024 0.854
1.027 0.856
1.030 0.858
1.034 0.859
1.037 0.861
1.040 0.862
1.043 0.864
1.046 0.865
1.049 0.867
1.052 0.869
1.056 0.870
1.059 0.872
1.062 0.873
1.065 0.875
1.068 0.876
1.071 0.878
1.074 0.879
1.078 0.881
1.081 0.882
1.084 0.884
1.087 0.885
1.090 0.887
1.093 0.888
1.096 0.890
1.100 0.891
1.103 0.892
1.106 0.894
1.109 0.895
1.112 0.897
1.115 0.898
1.118 0.899
1.122 0.901
1.125 0.902
1.128 0.903
1.131 0.905
1.134 0.906
1.137 0.907
1.140 0.909
1.144 0.910
1.147 0.911
1.150 0.913
1.153 0.914
1.156 0.915
1.159 0.916
1.162 0.918
1.166 0.919
1.169 0.920
1.172 0.921
1.175 0.923
1.178 0.924
1.181 0.925
1.184 0.926
1.188 0.927
1.191 0.929
1.194 0.930
1.197 0.931
1.200 0.932
1.203 0.933
1.206 0.934
1.210 0.935
1.213 0.937
1.216 0.938
1.219 0.939
1.222 0.940
1.225 0.941
1.228 0.942
1.232 0.943
1.235 0.944
1.238 0.945
1.241 0.946
1.244 0.947
1.247 0.948
1.250 0.949
1.253 0.950
1.257 0.951
1.260 0.952
1.263 0.953
1.266 0.954
1.269 0.955
1.272 0.956
1.275 0.957
1.279 0.958
1.282 0.959
1.285 0.959
1.288 0.960
1.291 0.961
1.294 0.962
1.297 0.963
1.301 0.964
1.304 0.965
1.307 0.965
1.310 0.966
1.313 0.967
1.316 0.968
1.319 0.969
1.323 0.969
1.326 0.970
1.329 0.971
1.332 0.972
1.335 0.972
1.338 0.973
1.341 0.974
1.345 0.975
1.348 0.975
1.351 0.976
1.354 0.977
1.357 0.977
1.360 0.978
1.363 0.979
1.367 0.979
1.370 0.980
1.373 0.980
1.376 0.981
1.379 0.982
1.382 0.982
1.385 0.983
1.389 0.983
1.392 0.984
1.395 0.985
1.398 0.985
1.401 0.986
1.404 0.986
1.407 0.987
1.411 0.987
1.414 0.988
1.417 0.988
1.420 0.989
1.423 0.989
1.426 0.990
1.429 0.990
1.433 0.990
1.436 0.991
1.439 0.991
1.442 0.992
1.445 0.992
1.448 0.993
1.451 0.993
1.455 0.993
1.458 0.994
1.461 0.994
1.464 0.994
1.467 0.995
1.470 0.995
1.473 0.995
1.477 0.996
1.480 0.996
1.483 0.996
1.486 0.996
1.489 0.997
1.492 0.997
1.495 0.997
1.499 0.997
1.502 0.998
1.505 0.998
1.508 0.998
1.511 0.998
1.514 0.998
1.517 0.999
1.521 0.999
1.524 0.999
1.527 0.999
1.530 0.999
1.533 0.999
1.536 0.999
1.539 0.999
1.543 1.000
1.546 1.000
1.549 1.000
1.552 1.000
1.555 1.000
1.558 1.000
1.561 1.000
1.565 1.000
1.568 1.000
1.571 1.000
1.574 1.000
1.577 1.000
1.580 1.000
1.583 1.000
1.587 1.000
1.590 1.000
1.593 1.000
1.596 1.000
1.599 1.000
1.602 0.999
1.605 0.999
1.608 0.999
1.612 0.999
1.615 0.999
1.618 0.999
1.621 0.999
1.624 0.999
1.627 0.998
1.630 0.998
1.634 0.998
1.637 0.998
1.640 0.998
1.643 0.997
1.646 0.997
1.649 0.997
1.652 0.997
1.656 0.996
1.659 0.996
1.662 0.996
1.665 0.996
1.668 0.995
1.671 0.995
1.674 0.995
1.678 0.994
1.681 0.994
1.684 0.994
1.687 0.993
1.690 0.993
1.693 0.993
1.696 0.992
1.700 0.992
1.703 0.991
1.706 0.991
1.709 0.990
1.712 0.990
1.715 0.990
1.718 0.989
1.722 0.989
1.725 0.988
1.728 0.988
1.731 0.987
1.734 0.987
1.737 0.986
1.740 0.986
1.744 0.985
1.747 0.985
1.750 0.984
1.753 0.983
1.756 0.983
1.759 0.982
1.762 0.982
1.766 0.981
1.769 0.980
1.772 0.980
1.775 0.979
1.778 0.979
1.781 0.978
1.784 0.977
1.788 0.977
1.791 0.976
1.794 0.975
1.797 0.975
1.800 0.974
1.803 0.973
1.806 0.972
1.810 0.972
1.813 0.971
1.816 0.970
1.819 0.969
1.822 0.969
1.825 0.968
1.828 0.967
1.832 0.966
1.835 0.965
1.838 0.965
1.841 0.964
1.844 0.963
1.847 0.962
1.850 0.961
1.854 0.960
1.857 0.959
1.860 0.959
1.863 0.958
1.866 0.957
1.869 0.956
1.872 0.955
1.876 0.954
1.879 0.953
1.882 0.952
1.885 0.951
1.888 0.950
1.891 0.949
1.894 0.948
1.898 0.947
1.901 0.946
1.904 0.945
1.907 0.944
1.910 0.943
1.913 0.942
1.916 0.941
1.920 0.940
1.923 0.939
1.926 0.938
1.929 0.937
1.932 0.935
1.935 0.934
1.938 0.933
1.942 0.932
1.945 0.931
1.948 0.930
1.951 0.929
1.954 0.927
1.957 0.926
1.960 0.925
1.963 0.924
1.967 0.923
1.970 0.921
1.973 0.920
1.976 0.919
1.979 0.918
1.982 0.916
1.985 0.915
1.989 0.914
1.992 0.913
1.995 0.911
1.998 0.910
2.001 0.909
2.004 0.907
2.007 0.906
2.011 0.905
2.014 0.903
2.017 0.902
2.020 0.901
2.023 0.899
2.026 0.898
2.029 0.897
2.033 0.895
2.036 0.894
2.039 0.892
2.042 0.891
2.045 0.890
2.048 0.888
2.051 0.887
2.055 0.885
2.058 0.884
2.061 0.882
2.064 0.881
2.067 0.879
2.070 0.878
2.073 0.876
2.077 0.875
2.080 0.873
2.083 0.872
2.086 0.870
2.089 0.869
2.092 0.867
2.095 0.865
2.099 0.864
2.102 0.862
2.105 0.861
2.108 0.859
2.111 0.858
2.114 0.856
2.117 0.854
2.121 0.853
2.124 0.851
2.127 0.849
2.130 0.848
2.133 0.846
2.136 0.844
2.139 0.843
2.143 0.841
2.146 0.839
2.149 0.838
2.152 0.836
2.155 0.834
2.158 0.832
2.161 0.831
2.165 0.829
2.168 0.827
2.171 0.825
2.174 0.824
2.177 0.822
2.180 0.820
2.183 0.818
2.187 0.816
2.190 0.815
2.193 0.813
2.196 0.811
2.199 0.809
2.202 0.807
2.205 0.805
2.209 0.803
2.212 0.802
2.215 0.800
2.218 0.798
2.221 0.796
2.224 0.794
2.227 0.792
2.231 0.790
2.234 0.788
2.237 0.786
2.240 0.784
2.243 0.782
2.246 0.780
2.249 0.778
2.253 0.776
2.256 0.774
2.259 0.773
2.262 0.771
2.265 0.768
2.268 0.766
2.271 0.764
2.275 0.762
2.278 0.760
2.281 0.758
2.284 0.756
2.287 0.754
2.290 0.752
2.293 0.750
2.297 0.748
2.300 0.746
2.303 0.744
2.306 0.742
2.309 0.740
2.312 0.737
2.315 0.735
2.318 0.733
2.322 0.731
2.325 0.729
2.328 0.727
2.331 0.725
2.334 0.722
2.337 0.720
2.340 0.718
2.344 0.716
2.347 0.714
2.350 0.712
2.353 0.709
2.356 0.707
2.359 0.705
2.362 0.703
2.366 0.700
2.369 0.698
2.372 0.696
2.375 0.694
2.378 0.691
2.381 0.689
2.384 0.687
2.388 0.685
2.391 0.682
2.394 0.680
2.397 0.678
2.400 0.675
2.403 0.673
2.406 0.671
2.410 0.668
2.413 0.666
2.416 0.664
2.419 0.661
2.422 0.659
2.425 0.657
2.428 0.654
2.432 0.652
2.435 0.649
2.438 0.647
2.441 0.645
2.444 0.642
2.447 0.640
2.450 0.637
2.454 0.635
2.457 0.633
2.460 0.630
2.463 0.628
2.466 0.625
2.469 0.623
2.472 0.620
2.476 0.618
2.479 0.615
2.482 0.613
2.485 0.610
2.488 0.608
2.491 0.605
2.494 0.603
2.498 0.600
2.501 0.598
2.504 0.595
2.507 0.593
2.510 0.590
2.513 0.588
2.516 0.585
2.520 0.583
2.523 0.580
2.526 0.578
2.529 0.575
2.532 0.572
2.535 0.570
2.538 0.567
2.542 0.565
2.545 0.562
2.548 0.559
2.551 0.557
2.554 0.554
2.557 0.552
2.560 0.549
2.564 0.546
2.567 0.544
2.570 0.541
2.573 0.538
2.576 0.536
2.579 0.533
2.582 0.531
2.586 0.528
2.589 0.525
2.592 0.522
2.595 0.520
2.598 0.517
2.601 0.514
2.604 0.512
2.608 0.509
2.611 0.506
2.614 0.504
2.617 0.501
2.620 0.498
2.623 0.495
2.626 0.493
2.630 0.490
2.633 0.487
2.636 0.484
2.639 0.482
2.642 0.479
2.645 0.476
2.648 0.473
2.652 0.471
2.655 0.468
2.658 0.465
2.661 0.462
2.664 0.460
2.667 0.457
2.670 0.454
2.673 0.451
2.677 0.448
2.680 0.446
2.683 0.443
2.686 0.440
2.689 0.437
2.692 0.434
2.695 0.431
2.699 0.429
2.702 0.426
2.705 0.423
2.708 0.420
2.711 0.417
2.714 0.414
2.717 0.412
2.721 0.409
2.724 0.406
2.727 0.403
2.730 0.400
2.733 0.397
2.736 0.394
2.739 0.391
2.743 0.388
2.746 0.386
2.749 0.383
2.752 0.380
2.755 0.377
2.758 0.374
2.761 0.371
2.765 0.368
2.768 0.365
2.771 0.362
2.774 0.359
2.777 0.356
2.780 0.353
2.783 0.351
2.787 0.348
2.790 0.345
2.793 0.342
2.796 0.339
2.799 0.336
2.802 0.333
2.805 0.330
2.809 0.327
2.812 0.324
2.815 0.321
2.818 0.318
2.821 0.315
2.824 0.312
2.827 0.309
2.831 0.306
2.834 0.303
2.837 0.300
2.840 0.297
2.843 0.294
2.846 0.291
2.849 0.288
2.853 0.285
2.856 0.282
2.859 0.279
2.862 0.276
2.865 0.273
2.868 0.270
2.871 0.267
2.875 0.264
2.878 0.261
2.881 0.258
2.884 0.255
2.887 0.252
2.890 0.249
2.893 0.246
2.897 0.243
2.900 0.240
2.903 0.236
2.906 0.233
2.909 0.230
2.912 0.227
2.915 0.224
2.919 0.221
2.922 0.218
2.925 0.215
2.928 0.212
2.931 0.209
2.934 0.206
2.937 0.203
2.941 0.200
2.944 0.197
2.947 0.194
2.950 0.190
2.953 0.187
2.956 0.184
2.959 0.181
2.963 0.178
2.966 0.175
2.969 0.172
2.972 0.169
2.975 0.166
2.978 0.163
2.981 0.160
2.985 0.156
2.988 0.153
2.991 0.150
2.994 0.147
2.997 0.144
3.000 0.141
3.003 0.138
3.007 0.135
3.010 0.132
3.013 0.128
3.016 0.125
3.019 0.122
3.022 0.119
3.025 0.116
3.028 0.113
3.032 0.110
3.035 0.107
3.038 0.103
3.041 0.100
3.044 0.097
3.047 0.094
3.050 0.091
3.054 0.088
3.057 0.085
3.060 0.082
3.063 0.078
3.066 0.075
3.069 0.072
3.072 0.069
3.076 0.066
3.079 0.063
3.082 0.060
3.085 0.057
3.088 0.053
3.091 0.050
3.094 0.047
3.098 0.044
3.101 0.041
3.104 0.038
3.107 0.035
3.110 0.031
3.113 0.028
3.116 0.025
3.120 0.022
3.123 0.019
3.126 0.016
3.129 0.013
3.132 0.009
3.135 0.006
3.138 0.003